name: fastqc
channels:
  - defaults
  - bioconda
  - conda-forge
dependencies:
  - _libgcc_mutex=0.1=conda_forge
  - _openmp_mutex=4.5=2_gnu
  - alsa-lib=1.2.11=hd590300_1
  - bzip2=1.0.8=hd590300_5
  - ca-certificates=2024.3.11=h06a4308_0
  - cairo=1.18.0=h3faef2a_0
  - expat=2.6.2=h59595ed_0
  - fastqc=0.12.1=hdfd78af_0
  - font-ttf-dejavu-sans-mono=2.37=hd3eb1b0_0
  - font-ttf-inconsolata=3.000=h77eed37_0
  - font-ttf-source-code-pro=2.038=h77eed37_0
  - font-ttf-ubuntu=0.83=h77eed37_1
  - fontconfig=2.14.2=h14ed4e7_0
  - fonts-conda-ecosystem=1=0
  - fonts-conda-forge=1=0
  - freetype=2.12.1=h267a509_2
  - gdbm=1.18=hd4cb3f1_4
  - giflib=5.2.1=h5eee18b_3
  - graphite2=1.3.14=h295c915_1
  - harfbuzz=8.3.0=h3d44ed6_0
  - icu=73.2=h59595ed_0
  - keyutils=1.6.1=h166bdaf_0
  - krb5=1.21.2=h659d440_0
  - lcms2=2.16=hb7c19ff_0
  - lerc=4.0.0=h27087fc_0
  - libcups=2.3.3=h4637d8d_4
  - libdeflate=1.20=hd590300_0
  - libedit=3.1.20230828=h5eee18b_0
  - libexpat=2.6.2=h59595ed_0
  - libffi=3.4.4=h6a678d5_0
  - libgcc-ng=13.2.0=h807b86a_5
  - libglib=2.80.0=hf2295e7_1
  - libgomp=13.2.0=h807b86a_5
  - libiconv=1.17=hd590300_2
  - libjpeg-turbo=3.0.0=hd590300_1
  - libpng=1.6.43=h2797004_0
  - libstdcxx-ng=13.2.0=h7e041cc_5
  - libtiff=4.6.0=h1dd3fc0_3
  - libuuid=2.38.1=h0b41bf4_0
  - libwebp-base=1.3.2=hd590300_0
  - libxcb=1.15=h7f8727e_0
  - libzlib=1.2.13=hd590300_5
  - ncurses=6.4.20240210=h59595ed_0
  - openjdk=21.0.2=haa376d0_0
  - openssl=3.2.1=hd590300_1
  - pcre2=10.43=hcad00b1_0
  - perl=5.34.0=h5eee18b_2
  - pixman=0.43.2=h59595ed_0
  - readline=8.2=h8228510_1
  - xorg-fixesproto=5.0=h14c3975_1002
  - xorg-inputproto=2.3.2=h14c3975_1002
  - xorg-kbproto=1.0.7=h14c3975_1002
  - xorg-libice=1.1.1=hd590300_0
  - xorg-libsm=1.2.4=h7391055_0
  - xorg-libx11=1.8.7=h8ee46fc_0
  - xorg-libxext=1.3.4=h0b41bf4_2
  - xorg-libxfixes=5.0.3=h7f98852_1004
  - xorg-libxi=1.7.10=h7f98852_0
  - xorg-libxrender=0.9.11=hd590300_0
  - xorg-libxt=1.3.0=hd590300_1
  - xorg-libxtst=1.2.3=h7f98852_1002
  - xorg-recordproto=1.14.2=h516909a_1002
  - xorg-renderproto=0.11.1=h14c3975_1002
  - xorg-xextproto=7.3.0=h0b41bf4_1003
  - xorg-xproto=7.0.31=h27cfd23_1007
  - xz=5.4.6=h5eee18b_0
  - zlib=1.2.13=hd590300_5
  - zstd=1.5.5=hfc55251_0
prefix: /home/chenzonggui/anaconda3/envs/fastqc
